$ 1 0.000005 1.700203994009402 58 5 43 5e-11
f -368 304 -240 304 32 1.5 0.02
w -240 288 -240 256 0
r -240 256 -240 208 0 1000
w -240 208 -240 192 0
w -240 320 -240 384 0
f -288 400 -240 400 32 1.5 0.02
w -240 416 -240 448 0
g -240 448 -240 464 0 0
w -240 288 -192 272 0
f -192 272 -160 272 32 1.5 0.02
w -160 256 -160 224 0
r -160 224 -160 192 0 1000
w -160 192 -160 176 0
w -160 256 -32 288 0
g -160 288 -160 320 0 0
g 1920 -80 1920 -48 0 0
w 1920 -128 1968 -128 0
w 1920 -176 1920 -192 0
r 1920 -144 1920 -176 0 1000
w 1920 -112 1920 -144 0
f 1888 -96 1920 -96 32 1.5 0.02
207 -368 304 -400 304 4 E0
207 -368 480 -432 464 4 E1
f -368 480 -336 480 32 1.5 0.02
w -336 464 -336 432 0
r -336 432 -336 400 0 1000
w -336 400 -336 384 0
w -336 464 -288 400 0
g -336 496 -336 528 0 0
R -336 384 -336 368 0 0 40 5 0 0 0.5
R -240 192 -240 176 0 0 40 5 0 0 0.5
R -160 176 -160 160 0 0 40 5 0 0 0.5
R 96 160 96 128 0 0 40 5 0 0 0.5
R 16 176 16 160 0 0 40 5 0 0 0.5
R -192 496 -192 480 0 0 40 5 0 0 0.5
g -192 608 -192 640 0 0
w -192 576 -32 384 0
w -192 512 -192 496 0
r -192 544 -192 512 0 1000
w -192 576 -192 544 0
f -384 592 -192 592 32 1.5 0.02
207 -384 592 -416 592 4 E2
g 96 272 96 304 0 0
w 96 240 160 240 0
w 96 176 96 160 0
r 96 208 96 176 0 1000
w 96 240 96 208 0
f 64 256 96 256 32 1.5 0.02
w 16 256 64 256 0
g 16 432 16 448 0 0
w 16 400 16 432 0
f -32 384 16 384 32 1.5 0.02
w 16 304 16 368 0
w 16 192 16 176 0
r 16 256 16 192 0 1000
w 16 272 16 256 0
f -32 288 16 288 32 1.5 0.02
207 -832 336 -720 320 4 E0
207 -832 688 -720 656 4 E1
207 -832 1040 -720 1024 4 E2
f -32 880 16 880 32 1.5 0.02
w 16 864 16 848 0
r 16 848 16 784 0 1000
w 16 784 16 768 0
w 16 896 16 960 0
f -48 976 16 976 32 1.5 0.02
w 16 992 16 1024 0
g 16 1024 16 1040 0 0
w 16 848 64 848 0
f 64 848 96 848 32 1.5 0.02
w 96 832 96 800 0
r 96 800 96 768 0 1000
w 96 768 96 752 0
w 96 832 160 832 0
g 96 864 96 896 0 0
R 16 768 16 752 0 0 40 5 0 0 0.5
R 96 752 96 720 0 0 40 5 0 0 0.5
R -160 768 -160 752 0 0 40 5 0 0 0.5
R -240 784 -240 768 0 0 40 5 0 0 0.5
207 -304 992 -432 1024 4 E1
207 -400 880 -432 880 4 E0
g -160 880 -160 912 0 0
w -160 848 -32 880 0
w -160 784 -160 768 0
r -160 816 -160 784 0 1000
w -160 848 -160 816 0
f -192 864 -160 864 32 1.5 0.02
w -240 880 -192 864 0
g -240 1024 -240 1040 0 0
w -240 1008 -240 1024 0
f -304 992 -240 992 32 1.5 0.02
w -240 912 -240 976 0
w -240 800 -240 784 0
r -240 848 -240 800 0 1000
w -240 880 -240 848 0
f -288 896 -240 896 32 1.5 0.02
f -400 880 -368 880 32 1.5 0.02
w -368 864 -368 832 0
r -368 832 -368 800 0 1000
w -368 800 -368 768 0
w -368 848 -288 896 0
g -368 896 -368 928 0 0
R -368 768 -368 736 0 0 40 5 0 0 0.5
207 -64 2176 -448 2416 4 E2
w -384 2048 -304 2096 0
f -304 2096 -256 2096 32 1.5 0.02
w -256 2080 -256 2048 0
r -256 2048 -256 2000 0 1000
w -256 2000 -256 1984 0
w -256 2112 -256 2176 0
f -320 2192 -256 2192 32 1.5 0.02
w -256 2208 -256 2224 0
g -256 2224 -256 2240 0 0
w -256 2080 -208 2064 0
f -208 2064 -176 2064 32 1.5 0.02
w -176 2048 -176 2016 0
r -176 2016 -176 1984 0 1000
w -176 1984 -176 1968 0
w -176 2048 -48 2080 0
g -176 2080 -176 2112 0 0
207 -384 2048 -416 2048 4 E0
207 -320 2192 -448 2224 4 E1
R -256 1984 -256 1968 0 0 40 5 0 0 0.5
R -176 1968 -176 1952 0 0 40 5 0 0 0.5
R 80 1952 80 1920 0 0 40 5 0 0 0.5
R 0 1968 0 1952 0 0 40 5 0 0 0.5
g 80 2064 80 2096 0 0
w 80 2032 144 2032 0
w 80 1968 80 1952 0
r 80 2000 80 1968 0 1000
w 80 2032 80 2000 0
f 48 2048 80 2048 32 1.5 0.02
w 0 2048 48 2048 0
g 0 2224 0 2240 0 0
w 0 2192 0 2224 0
f -64 2176 0 2176 32 1.5 0.02
w 0 2096 0 2160 0
w 0 1984 0 1968 0
r 0 2048 0 1984 0 1000
w 0 2064 0 2048 0
f -48 2080 0 2080 32 1.5 0.02
f -48 1488 0 1488 32 1.5 0.02
w 0 1472 0 1456 0
r 0 1456 0 1392 0 1000
w 0 1392 0 1376 0
w 0 1504 0 1568 0
f -48 1584 0 1584 32 1.5 0.02
w 0 1600 0 1632 0
g 0 1632 0 1648 0 0
w 0 1456 48 1456 0
f 48 1456 80 1456 32 1.5 0.02
w 80 1440 80 1408 0
r 80 1408 80 1376 0 1000
w 80 1376 80 1360 0
w 80 1440 144 1440 0
g 80 1472 80 1504 0 0
207 -208 1776 -416 1776 4 E2
w -208 1776 -48 1584 0
R 0 1376 0 1360 0 0 40 5 0 0 0.5
R 80 1360 80 1328 0 0 40 5 0 0 0.5
R -176 1376 -176 1360 0 0 40 5 0 0 0.5
R -256 1392 -256 1344 0 0 40 5 0 0 0.5
R -352 1584 -352 1568 0 0 40 5 0 0 0.5
g -352 1696 -352 1728 0 0
w -352 1664 -304 1600 0
w -352 1600 -352 1584 0
r -352 1632 -352 1600 0 1000
w -352 1664 -352 1632 0
f -384 1680 -352 1680 32 1.5 0.02
207 -384 1680 -448 1664 4 E1
207 -432 1456 -464 1456 4 E0
g -176 1488 -176 1520 0 0
w -176 1456 -48 1488 0
w -176 1392 -176 1376 0
r -176 1424 -176 1392 0 1000
w -176 1456 -176 1424 0
f -208 1472 -176 1472 32 1.5 0.02
w -256 1488 -208 1472 0
g -256 1648 -256 1664 0 0
w -256 1616 -256 1648 0
f -304 1600 -256 1600 32 1.5 0.02
w -256 1520 -256 1584 0
w -256 1408 -256 1392 0
r -256 1456 -256 1408 0 1000
w -256 1488 -256 1456 0
f -304 1504 -256 1504 32 1.5 0.02
f -288 1200 -256 1200 32 1.5 0.02
w -256 1184 -256 1152 0
r -256 1152 -256 1120 0 1000
w -256 1120 -256 1104 0
w -256 1168 -48 976 0
g -256 1216 -256 1248 0 0
207 -288 1200 -416 1200 4 E2
g -400 1472 -400 1504 0 0
w -400 1424 -304 1504 0
w -400 1376 -400 1360 0
r -400 1408 -400 1376 0 1000
w -400 1440 -400 1408 0
f -432 1456 -400 1456 32 1.5 0.02
R -256 1104 -256 1088 0 0 40 5 0 0 0.5
R -400 1360 -400 1344 0 0 40 5 0 0 0.5
f 192 1776 256 1776 32 1.5 0.02
w 288 1680 288 1648 0
r 288 1648 288 1616 0 1000
w 288 1616 288 1600 0
w 256 1760 288 1728 0
g 288 1904 288 1936 0 0
R 288 1600 288 1568 0 0 40 5 0 0 0.5
w 288 1824 336 1792 0
f 384 1776 336 1776 32 1.5 0.02
w 288 1728 336 1760 0
w 256 1792 288 1824 0
w 288 1904 288 1824 0
R 432 1584 432 1552 0 0 40 5 0 0 0.5
g 432 1696 432 1728 0 0
w 432 1664 496 1664 0
w 432 1600 432 1584 0
r 432 1632 432 1600 0 1000
w 432 1664 432 1632 0
f 400 1680 432 1680 32 1.5 0.02
w 288 1680 400 1680 0
w 288 1728 288 1680 0
207 144 2032 176 2000 4 S3
207 192 1776 160 1808 4 S3
207 144 1440 176 1488 4 S2
207 384 1776 432 1792 4 S2
207 448 608 496 624 4 S0
207 256 608 224 640 4 S1
w 352 560 352 512 0
w 352 512 464 512 0
f 464 512 496 512 32 1.5 0.02
w 496 496 496 464 0
r 496 464 496 432 0 1000
w 496 432 496 416 0
w 496 496 560 496 0
g 496 528 496 560 0 0
R 496 416 496 384 0 0 40 5 0 0 0.5
w 352 736 352 656 0
w 320 624 352 656 0
w 352 560 400 592 0
f 448 608 400 608 32 1.5 0.02
w 352 656 400 624 0
R 352 432 352 400 0 0 40 5 0 0 0.5
g 352 736 352 768 0 0
w 320 592 352 560 0
w 352 448 352 432 0
r 352 480 352 448 0 1000
w 352 512 352 480 0
f 256 608 320 608 32 1.5 0.02
207 160 832 208 864 4 S1
207 160 240 208 272 4 S0
174 -848 1008 -848 1056 1 1000 0.005 Resistance
g -848 1008 -848 944 0 0
R -848 1072 -848 1120 0 0 40 5 0 0 0.5
R -848 720 -848 768 0 0 40 5 0 0 0.5
g -848 656 -848 592 0 0
174 -848 656 -848 704 1 1000 0.005 Resistance
174 -848 304 -848 352 1 1000 0.9950000000000001 Resistance
g -848 304 -848 256 0 0
R -848 368 -848 432 0 0 40 5 0 0 0.5
207 736 1184 784 1200 4 SOR2
207 544 1184 512 1216 4 SOR1
w 640 1136 640 1088 0
w 640 1088 752 1088 0
f 752 1088 784 1088 32 1.5 0.02
w 784 1072 784 1040 0
r 784 1040 784 1008 0 1000
w 784 1008 784 992 0
w 784 1072 848 1072 0
g 784 1104 784 1136 0 0
R 784 992 784 960 0 0 40 5 0 0 0.5
w 640 1312 640 1232 0
w 608 1200 640 1232 0
w 640 1136 688 1168 0
f 736 1184 688 1184 32 1.5 0.02
w 640 1232 688 1200 0
R 640 1008 640 976 0 0 40 5 0 0 0.5
g 640 1312 640 1344 0 0
w 608 1168 640 1136 0
w 640 1024 640 1008 0
r 640 1056 640 1024 0 1000
w 640 1088 640 1056 0
f 544 1184 608 1184 32 1.5 0.02
207 496 1664 544 1680 4 SOR1
207 560 496 608 512 4 SOR2
